0 0.3675107955932617 1.7080039978027344
25 1.719456672668457 2.1867358684539795
50 5.239527702331543 3.714409828186035
75 8.705187797546387 5.9767351150512695
100 9.952722549438477 8.313287734985352
125 9.951094627380371 11.355064392089844
150 9.937740325927734 15.298364639282227
175 9.900145530700684 18.427196502685547
200 9.836847305297852 19.45562171936035
225 9.305336952209473 19.455224990844727
250 7.920061111450195 19.452285766601562
275 5.7375898361206055 19.443435668945312
300 2.9198412895202637 19.424463272094727
325 -0.2546858787536621 19.39094352722168
350 -3.426839828491211 19.33927345275879
375 -6.236645698547363 19.267627716064453
400 -8.403844833374023 19.176223754882812
425 -9.765073776245117 19.066837310791016
450 -10.263370513916016 18.942005157470703
475 -10.24366283416748 18.1411190032959
500 -10.170426368713379 15.8311128616333
525 -10.062448501586914 12.503713607788086
550 -9.953705787658691 9.184135437011719
575 -9.878631591796875 6.903379440307617
600 -9.854218482971191 6.163630485534668
625 -9.854218482971191 6.163630485534668
650 -9.854218482971191 6.163630485534668
675 -9.854218482971191 6.163630485534668
700 -9.854218482971191 6.163630485534668
725 -9.854218482971191 6.163630485534668
750 -9.854218482971191 6.163630485534668
